%YAML:1.0
CameraExtrinsicMat: !!opencv-matrix
  cols: 4
  data: [1.0, 0.0, 0.0, 0.0, 0.0, 1.0, 0.0, 0.0, 0.0, 0.0, 1.0, 0.0, 0.0, 0.0, 0.0,
    1.0]
  dt: d
  rows: 4
CameraMat: !!opencv-matrix
  cols: 3
  data: [3445.781061, 0.000000, 1107.685550, 0.000000, 3452.626767, 847.244031, 0.000000, 0.000000, 1.000000]
  dt: d
  rows: 3
DistCoeff: !!opencv-matrix
  cols: 1
  data: [-0.253342, -0.009326, 0.004749, -0.000327, 0.000000]
  dt: d
  rows: 5
ImageSize: [1920, 1440]
Reprojection Error: 0.0
DistModel: plumb_bob
