%YAML:1.0
CameraExtrinsicMat: !!opencv-matrix
  cols: 4
  data: [1.0, 0.0, 0.0, 0.0, 0.0, 1.0, 0.0, 0.0, 0.0, 0.0, 1.0, 0.0, 0.0, 0.0, 0.0,
    1.0]
  dt: d
  rows: 4
CameraMat: !!opencv-matrix
  cols: 3
  data: [4707.296530, 0.000000, 1112.102768, 0.000000, 4731.299495, 645.788393, 0.000000, 0.000000, 1.000000]
  dt: d
  rows: 3
DistCoeff: !!opencv-matrix
  cols: 1
  data: [-0.124642, 0.667675, -0.007013, 0.000961, 0.000000]
  dt: d
  rows: 5
ImageSize: [1920, 1440]
Reprojection Error: 0.0
DistModel: plumb_bob
