%YAML:1.0
---
CameraExtrinsicMat: !!opencv-matrix
   rows: 4
   cols: 4
   dt: d
   data: [ 5.8109685007648348e-02, -1.0196891038523614e-02,
       9.9825812689978155e-01, 1.8429746627807617e+00,
       -9.9830103448900032e-01, 3.6923906511163174e-03,
       5.8149899307490649e-02, 1.8370452523231506e-01,
       -4.2789071623053898e-03, -9.9994119310308838e-01,
       -9.9650032146681999e-03, -8.0317062139511108e-01, 0., 0., 0., 1. ]
CameraMat: !!opencv-matrix
   rows: 3
   cols: 3
   dt: d
   data: [ 4.3589050520000001e+03, 0., 8.6203777900000000e+02, 0.,
       4.3596757600000001e+03, 9.5411059999999998e+02, 0., 0., 1. ]
DistCoeff: !!opencv-matrix
   rows: 1
   cols: 5
   dt: d
   data: [ -2.6903600000000000e-01, 2.7960800000000002e-01,
       6.1209999999999997e-03, 1.3860000000000001e-03, 0. ]
ImageSize: [ 1920, 1440 ]
ReprojectionError: 0
DistModel: plumb_bob
