%YAML:1.0
---
CameraExtrinsicMat: !!opencv-matrix
   rows: 4
   cols: 4
   dt: d
   data: [ -4.4469907955384524e-03, -2.9918505178920418e-02,
       9.9954244898389555e-01, 2.0273165702819824e+00,
       -9.9971313497715175e-01, 2.3657194670209547e-02,
       -3.7396382834594122e-03, -5.2706885337829590e-01,
       -2.3534485909399105e-02, -9.9927234535345510e-01,
       -3.0015125933195330e-02, -7.5246554613113403e-01, 0., 0., 0., 1. ]
CameraMat: !!opencv-matrix
   rows: 3
   cols: 3
   dt: d
   data: [ 3.4457810610000001e+03, 0., 1.1076855499999999e+03, 0.,
       3.4526267670000002e+03, 8.4724403099999995e+02, 0., 0., 1. ]
DistCoeff: !!opencv-matrix
   rows: 1
   cols: 5
   dt: d
   data: [ -2.5334200000000001e-01, -9.3259999999999992e-03,
       4.7489999999999997e-03, -3.2699999999999998e-04, 0. ]
ImageSize: [ 1920, 1440 ]
ReprojectionError: 0
DistModel: plumb_bob
