%YAML:1.0
---
CameraExtrinsicMat: !!opencv-matrix
   rows: 4
   cols: 4
   dt: d
   data: [ 1., 0., 0., 0., 0., 1., 0., 0., 0., 0., 1., 0., 0., 0., 0.,
       1. ]
CameraMat: !!opencv-matrix
   rows: 3
   cols: 3
   dt: d
   data: [ 3.2853795954603193e+03, 0., 1.1017532514925804e+03, 0.,
       3.2763313565008325e+03, 7.7167481653045866e+02, 0., 0., 1. ]
DistCoeff: !!opencv-matrix
   rows: 5
   cols: 1
   dt: d
   data: [ -2.6373359323542606e-01, 1.1056725006397539e+00,
       4.7570822322281752e-03, -1.0253093114638520e-03,
       -4.8629555604641137e+00 ]
ImageSize: [1920, 1440]
Reprojection Error: 0.0
DistModel: plumb_bob