%YAML:1.0
---
CameraExtrinsicMat: !!opencv-matrix
   rows: 4
   cols: 4
   dt: d
   data: [ 1., 0., 0., 0., 0., 1., 0., 0., 0., 0., 1., 0., 0., 0., 0.,
       1. ]
CameraMat: !!opencv-matrix
   rows: 3
   cols: 3
   dt: d
   data: [ 4.5455267933498535e+03, 0., 1.0136200553068321e+03, 0.,
       4.5261250080046530e+03, 7.6978660353791554e+02, 0., 0., 1. ]
DistCoeff: !!opencv-matrix
   rows: 5
   cols: 1
   dt: d
   data: [ -1.2655397719598707e-01, -4.3996366312800517e-01,
       5.4680302659706219e-03, 3.3516261357634220e-04,
       4.2980154739600573e+00 ]
ImageSize: [1920, 1440]
Reprojection Error: 0.0
DistModel: plumb_bob