%YAML:1.0
---
CameraExtrinsicMat: !!opencv-matrix
   rows: 4
   cols: 4
   dt: d
   data: [ 2.3262836098281614e-02, -1.4345998168511970e-01,
       9.8938267324204232e-01, 9.2920285463333130e-01,
       -9.9945774285260192e-01, 1.9731441867837818e-02,
       2.6360774908920415e-02, -2.4405831098556519e-01,
       -2.3303662987760487e-02, -9.8945939980209474e-01,
       -1.4292318018653088e-01, 2.6534681320190430e+00, 0., 0., 0., 1. ]
CameraMat: !!opencv-matrix
   rows: 3
   cols: 3
   dt: d
   data: [ 3.2853795954603193e+03, 0., 1.1017532514925804e+03, 0.,
       3.2763313565008325e+03, 7.7167481653045866e+02, 0., 0., 1. ]
DistCoeff: !!opencv-matrix
   rows: 1
   cols: 5
   dt: d
   data: [ -2.6373359323542606e-01, 1.1056725006397539e+00,
       4.7570822322281752e-03, -1.0253093114638520e-03,
       0.0 ]
ImageSize: [ 1920, 1440 ]
ReprojectionError: 0
DistModel: plumb_bob
