%YAML:1.0
---
CameraExtrinsicMat: !!opencv-matrix
   rows: 4
   cols: 4
   dt: d
   data: [ 2.6475372885008785e-02, -1.0823216823901322e-01,
       9.9377303867074274e-01, 3.7650436162948608e-01,
       -9.9931418940139216e-01, -2.8610698078187169e-02,
       2.3506995055023017e-02, -2.0224432647228241e-01,
       2.5888327324062321e-02, -9.9371385504769960e-01,
       -1.0891542037104524e-01, 2.6031229496002197e+00, 0., 0., 0., 1. ]
CameraMat: !!opencv-matrix
   rows: 3
   cols: 3
   dt: d
   data: [ 4.5455267933498535e+03, 0., 1.0136200553068321e+03, 0.,
       4.5261250080046530e+03, 7.6978660353791554e+02, 0., 0., 1. ]
DistCoeff: !!opencv-matrix
   rows: 1
   cols: 5
   dt: d
   data: [ -1.2655397719598707e-01, -4.3996366312800517e-01,
       5.4680302659706219e-03, 3.3516261357634220e-04,
       4.2980154739600573e+00 ]
ImageSize: [ 1920, 1440 ]
ReprojectionError: 0
DistModel: plumb_bob
