%YAML:1.0
CameraExtrinsicMat: !!opencv-matrix
  cols: 4
  data: [1.0, 0.0, 0.0, 0.0, 0.0, 1.0, 0.0, 0.0, 0.0, 0.0, 1.0, 0.0, 0.0, 0.0, 0.0,
    1.0]
  dt: d
  rows: 4
CameraMat: !!opencv-matrix
  cols: 3
  data: [3413.058928, 0.000000, 935.621355, 0.000000, 3439.959278, 719.676470, 0.000000, 0.000000, 1.000000]
  dt: d
  rows: 3
DistCoeff: !!opencv-matrix
  cols: 1
  data: [-0.270175, 0.353841, 0.000070, -0.004121, 0.000000]
  dt: d
  rows: 5
ImageSize: [1920, 1440]
Reprojection Error: 0.0
DistModel: plumb_bob
