%YAML:1.0
---
CameraExtrinsicMat: !!opencv-matrix
   rows: 4
   cols: 4
   dt: d
   data: [ 7.9533378467285365e-02, 3.4819638779023593e-01,
       -9.3404160359130184e-01, -9.8719997406005859e+00,
       -8.5140503195664996e-01, -4.6360240818268150e-01,
       -2.4532076692794291e-01, -4.1950508952140808e-01,
       -5.1844374166198104e-01, 8.1475891075645790e-01,
       2.5958429088539747e-01, -2.0757160186767578e+00, 0., 0., 0., 1. ]
CameraMat: !!opencv-matrix
   rows: 3
   cols: 3
   dt: d
   data: [ 3.4130589279999999e+03, 0., 9.3562135499999999e+02, 0.,
       3.4399592779999998e+03, 7.1967646999999999e+02, 0., 0., 1. ]
DistCoeff: !!opencv-matrix
   rows: 1
   cols: 5
   dt: d
   data: [ -2.7017500000000000e-01, 3.5384100000000002e-01,
       6.9999999999999994e-05, -4.1209999999999997e-03, 0. ]
ImageSize: [ 1920, 1440 ]
ReprojectionError: 0
DistModel: plumb_bob
