%YAML:1.0
---
CameraExtrinsicMat: !!opencv-matrix
   rows: 4
   cols: 4
   dt: d
   data: [ 3.0789620620216562e-02, 5.3617736835331886e-04,
       9.9952574342829870e-01, 7.9016178846359253e-01,
       -9.9930150600797474e-01, -2.1171332851832814e-02,
       3.0794070134860352e-02, 2.2795717418193817e-01,
       2.1177803291582142e-02, -9.9977571843844393e-01,
       -1.1605445484924592e-04, -6.9449394941329956e-01, 0., 0., 0., 1. ]
CameraMat: !!opencv-matrix
   rows: 3
   cols: 3
   dt: d
   data: [ 4.5233018160000001e+03, 0., 1.1298086530000000e+03, 0.,
       4.5685650450000003e+03, 6.7860206000000005e+02, 0., 0., 1. ]
DistCoeff: !!opencv-matrix
   rows: 1
   cols: 5
   dt: d
   data: [ 1.1090000000000000e-01, -5.2156300000000000e+00,
       8.5800000000000004e-04, -1.0959999999999999e-02, 0. ]
ImageSize: [ 1920, 1440 ]
ReprojectionError: 0
DistModel: plumb_bob
